%200
0.000000 0.000000 0.000000
0.000000 0.000000 0.000000
-0.021636 0.992730 0.118402
0.050041 2.231968 0.203656
0.093252 3.432186 0.359188
-0.029289 4.923731 0.412138
0.029938 6.229330 0.654799
0.158216 7.473622 0.873229
0.306586 8.792567 0.909790
0.311863 9.462678 1.062905
0.303913 10.159370 1.164758
0.295232 10.792897 1.320570
0.329095 11.408462 1.482733
0.284425 12.070038 1.637133
0.245551 12.713432 1.714993
0.179820 13.039918 1.802080
-0.086097 13.725902 1.855770
-0.242065 14.069593 1.881804
-0.636009 14.742632 1.916597
-0.868703 15.050229 1.939464
-1.383406 15.637656 1.966801
-1.677051 15.895384 1.970448
-1.937522 16.135627 2.003924
-2.232231 16.340367 2.035027
-2.600103 16.563510 2.043458
-2.989191 16.763758 2.047056
-3.734557 17.079951 2.063425
-4.494307 17.297003 2.064914
-5.340811 17.433727 2.011192
-6.152328 17.436007 2.016703
-6.910653 17.456939 1.989539
-7.605167 17.483654 1.979833
-8.369120 17.508064 1.957284
-9.153717 17.537991 1.929299
-10.645454 17.598372 1.933111
-11.440408 17.618208 1.917252
-12.301418 17.616203 1.877278
-13.149896 17.656470 1.877416
-14.942936 17.713513 1.797801
-16.620062 17.712973 1.728818
-18.380525 17.827089 1.685518
-19.374834 17.958989 1.718444
-20.533259 17.985792 1.729801
-21.592527 18.041195 1.703945
-22.736408 18.016463 1.665117
-23.786476 18.040805 1.639128
-24.806988 18.071004 1.581199
-25.818605 18.104635 1.544632
-26.783863 18.165816 1.517660
-27.798259 18.197322 1.500569
-28.322820 18.172263 1.444598
-28.828773 18.101201 1.412262
-29.350868 18.005023 1.414853
-29.866624 17.735229 1.326929
-30.352226 17.370049 1.222726
-30.784164 16.981978 1.263337
-31.209018 16.532030 1.228900
-31.421357 16.122651 1.192143
-31.507409 15.916712 1.159989
-31.679413 15.521026 1.121409
-31.727351 15.367754 1.137704
-31.737815 15.059034 1.095577
-31.727087 14.628305 1.067186
-31.821815 13.749956 0.992147
-31.926667 12.892629 0.940896
-31.909870 12.561858 0.870104
-31.937455 12.079559 0.836224
-31.932167 11.399596 0.787409
-31.940980 10.745250 0.705662
-31.985931 10.035239 0.643063
-32.019232 9.317858 0.568352
-32.001661 8.651670 0.498261
-32.007167 7.929860 0.435913
-31.994179 7.542885 0.379836
-31.916478 7.169578 0.351732
-31.746069 6.790195 0.334912
-31.506256 6.458972 0.303333
-31.358390 6.312622 0.295954
-31.261977 6.228287 0.312056
-31.106783 6.130091 0.308484
-31.015711 6.071116 0.317885
-30.756609 5.976427 0.324045
-30.632928 5.951898 0.333264
-30.506000 5.935503 0.340299
-30.255102 5.915791 0.354170
-30.021099 5.893068 0.382815
-29.779313 5.877114 0.391170
-29.535914 5.866625 0.410491
-29.305042 5.859548 0.430264
-29.075322 5.854216 0.459302
-28.956628 5.840818 0.469497
-28.747901 5.776466 0.497362
-28.645830 5.732982 0.508724
-28.538108 5.676720 0.514956
-28.501669 5.647343 0.520992
-28.418269 5.590682 0.522802
-28.347310 5.534866 0.526906
-28.280162 5.471020 0.523822
-28.232061 5.418536 0.523907
-28.146623 5.300757 0.524204
-28.096782 5.199029 0.531867
-28.029743 5.109967 0.529431
-27.951867 5.046409 0.531174
-27.859253 4.991083 0.535797
-27.810331 4.971931 0.538805
-27.758201 4.958069 0.539112
-27.709301 4.938500 0.536761
-27.665032 4.934339 0.539224
-27.616879 4.925799 0.539494
-27.565995 4.921709 0.541025
-27.516221 4.922581 0.548522
-27.470035 4.928760 0.553229
-27.421270 4.941850 0.559020
-27.374547 4.959302 0.566443
-27.329694 4.983160 0.573091
-27.289361 5.012813 0.579290
-27.246230 5.047672 0.585699
-27.207629 5.085445 0.591129
-27.172730 5.130454 0.594624
-27.169147 5.142813 0.599666
-27.144509 5.176783 0.601869
-27.100957 5.240572 0.614143
-27.056607 5.297308 0.622452
-27.038761 5.313261 0.624197
-27.022200 5.324514 0.626283
-27.001395 5.337100 0.626332
-26.963861 5.362654 0.631641
-26.934991 5.380636 0.634379
-26.934272 5.380171 0.640234
-26.917392 5.381010 0.640551
-26.896318 5.376723 0.641907
-26.884636 5.375121 0.642124
-26.870008 5.370717 0.644875
-26.865410 5.370101 0.645468
-26.853223 5.362766 0.645404
-26.847879 5.360807 0.645229
-26.838055 5.358627 0.644968
-26.828442 5.357350 0.645042
-26.822630 5.356372 0.644874
-26.819104 5.355251 0.646079
-26.817247 5.356374 0.648074
-26.812616 5.354888 0.645525
-26.812114 5.355527 0.648849
-26.804205 5.358269 0.648658
-26.799504 5.359973 0.650645
-26.792569 5.363632 0.651386
-26.787172 5.367089 0.652253
-26.784245 5.369150 0.652418
-26.783423 5.369746 0.652811
-26.780481 5.371665 0.652854
-26.777982 5.374770 0.652960
-26.775911 5.377907 0.653157
-26.774598 5.380261 0.653645
-26.773783 5.382141 0.653754
-26.772775 5.384200 0.654278
-26.772383 5.385792 0.654746
-26.771964 5.389145 0.655448
-26.772010 5.391969 0.655698

