%1371
5.370065 -1.145265 8.975000 
5.769970 -2.457510 8.975000 
5.606015 2.779975 8.975000 
5.368855 -2.675915 8.975000 
5.733065 0.530585 8.975000 
5.591495 -2.429680 8.975000 
5.065750 2.010415 8.975000 
5.616905 2.366760 8.975000 
5.292020 2.773320 8.975000 
5.466260 -1.381215 8.975000 
5.756660 2.401850 8.975000 
5.316825 0.496705 8.975000 
5.808085 -0.516065 8.975000 
5.349495 -1.246905 8.975000 
5.861930 2.869515 8.975000 
5.737300 -0.652795 8.975000 
5.138955 1.410255 8.975000 
4.981655 2.105400 8.975000 
5.598755 -0.042350 8.975000 
5.679825 2.884035 8.975000 
5.321060 0.572935 8.975000 
5.612670 -0.078650 8.975000 
5.633240 0.536635 8.975000 
5.509820 2.146540 8.975000 
5.799010 -2.055185 8.975000 
5.883105 0.892375 8.975000 
5.913355 0.903870 8.975000 
4.992545 -1.497980 8.975000 
5.161945 2.634775 8.975000 
5.897020 -1.064195 8.975000 
5.842570 -2.921545 8.975000 
5.797800 -1.949310 8.975000 
4.984680 0.071995 8.975000 
5.386400 -0.565675 8.975000 
5.826235 -1.499190 8.975000 
4.975000 1.607485 12.044770 
4.975000 2.188890 13.033340 
4.975000 1.679480 9.056070 
4.975000 0.566280 11.255850 
4.975000 0.577170 12.131890 
4.975000 -0.993410 13.516735 
4.975000 0.595320 9.760290 
4.975000 0.132495 10.296320 
4.975000 -2.416370 13.755105 
4.975000 2.383095 9.914565 
4.975000 -1.314665 14.825350 
4.975000 2.383700 13.730300 
4.975000 -0.632225 14.452670 
4.975000 -1.132560 10.686545 
4.975000 2.430285 9.629610 
4.975000 -1.507660 9.876450 
4.975000 -0.272250 10.805730 
4.975000 -1.113200 9.656230 
4.975000 -2.269960 10.382230 
4.975000 -0.667920 12.271645 
4.975000 -1.236620 11.125775 
4.975000 -2.295975 13.363670 
4.975000 0.478555 14.384305 
4.975000 -1.092630 12.861520 
4.975000 -0.405350 13.087185 
4.975000 -1.319505 14.108425 
4.975000 -1.393315 13.304985 
4.975000 0.733260 10.039800 
4.975000 -2.455695 13.000065 
4.975000 -0.552365 12.418660 
4.975000 1.320110 12.792550 
4.975000 2.623885 12.965580 
4.975000 1.646810 13.865820 
4.975000 -2.776950 14.328645 
4.975000 -0.424710 12.195415 
4.975000 2.346190 11.580130 
4.975000 1.761760 13.364275 
4.975000 -1.483460 9.025215 
4.975000 -1.295305 11.215315 
4.975000 1.120460 12.448910 
4.975000 -2.674705 11.117305 
4.975000 -2.602105 14.826560 
4.975000 1.684320 10.956980 
4.975000 0.775005 13.156155 
4.975000 2.392775 12.046585 
4.975000 -2.185260 9.198245 
4.975000 1.188825 10.480845 
4.975000 -2.678335 13.256585 
4.975000 0.560230 9.603595 
4.975000 -1.383030 9.569715 
4.975000 -2.032195 9.111125 
4.975000 -0.706640 9.938160 
4.975000 1.831335 12.547525 
4.975000 2.788445 12.834900 
4.975000 2.101770 13.354595 
4.975000 -2.553100 12.883905 
4.975000 -1.521575 14.452065 
4.975000 2.227005 9.869795 
4.975000 -0.156090 12.980705 
4.975000 -1.997105 11.977615 
4.975000 0.200860 9.004645 
4.975000 -1.489510 14.685595 
4.975000 0.917180 14.207645 
4.975000 0.629200 14.700115 
4.975000 1.087790 10.452410 
4.975000 2.431495 14.271775 
4.975000 -2.815065 14.080595 
4.975000 -0.396275 10.699855 
4.975000 0.352715 11.834835 
4.975000 -1.835570 9.160130 
4.975000 -1.138005 11.429485 
4.975000 2.699510 14.479290 
4.975000 1.167650 10.158985 
4.975000 2.164690 13.902120 
4.975000 2.697695 9.986560 
4.975000 1.859770 12.985545 
4.975000 -1.560900 9.666515 
4.975000 2.899160 9.345260 
4.975000 0.863940 14.381280 
4.975000 1.652255 12.503360 
4.975000 -0.249865 10.926730 
4.975000 -2.017070 10.851710 
4.975000 -1.629870 9.753635 
4.975000 0.613470 10.404615 
4.975000 2.432705 13.747845 
4.975000 1.995895 11.595860 
4.975000 2.893110 10.269700 
4.975000 -2.753355 11.463365 
4.975000 2.183445 13.035760 
4.975000 -0.159115 12.229900 
4.975000 -1.809555 13.856140 
4.975000 2.547655 10.675655 
4.975000 2.888875 11.655150 
4.975000 2.854390 12.214775 
4.975000 -2.306260 12.727815 
4.975000 2.680150 11.274605 
4.975000 1.151920 10.261835 
4.975000 2.883430 13.481040 
4.975000 0.703615 14.547050 
4.975000 -0.937145 10.264860 
4.975000 0.885720 12.111320 
4.975000 -0.801020 10.033750 
4.975000 0.522720 12.754435 
4.975000 2.608155 11.471230 
4.975000 2.726130 11.681165 
4.975000 2.355870 11.424040 
4.975000 1.124695 13.734535 
4.975000 2.207645 13.878525 
4.975000 2.911865 12.989175 
4.975000 2.534950 14.037640 
4.975000 -1.712755 9.580605 
4.975000 2.710400 14.190100 
4.975000 0.646140 14.464165 
4.975000 -0.220825 14.569435 
4.975000 -2.190705 14.167715 
4.975000 -0.745965 13.867635 
4.975000 0.719345 11.513580 
4.975000 1.085975 11.271580 
4.975000 1.767810 14.060025 
4.975000 -1.283205 12.669130 
4.975000 -2.931225 11.261900 
4.975000 -2.028565 13.890625 
4.975000 -1.462890 11.011430 
4.975000 0.818565 9.154685 
4.975000 0.010285 10.423975 
4.975000 2.872540 12.329120 
4.975000 -2.712820 13.322530 
4.975000 -1.444740 14.558545 
4.975000 -0.104060 10.751885 
4.975000 -2.105400 11.152395 
4.975000 -2.004970 12.730235 
4.975000 1.061775 9.967200 
4.975000 0.263780 11.532940 
4.975000 -1.432035 11.122750 
4.975000 2.817485 11.006590 
4.975000 -0.913550 10.102720 
4.975000 3.018345 12.704220 
4.975000 0.533610 12.082885 
4.975000 -1.944470 10.531060 
4.975000 -2.227005 10.327780 
4.975000 -0.525140 13.090815 
4.975000 -0.611050 9.621140 
4.975000 -2.845315 11.787040 
4.975000 1.563925 10.762170 
4.975000 0.939565 12.075625 
4.975000 1.623820 12.277090 
4.975000 1.269290 11.753160 
4.975000 0.104060 11.661200 
4.975000 -0.398090 10.508070 
4.975000 -1.667380 13.697025 
4.975000 0.618310 9.187355 
4.975000 0.916575 12.444070 
4.975000 1.344915 12.611655 
4.975000 -0.039325 14.268750 
4.975000 -2.428470 14.426050 
4.975000 0.491865 12.759275 
4.975000 -0.801625 9.864350 
4.975000 0.676390 12.698775 
4.975000 2.485945 9.171020 
4.975000 -1.935395 9.008880 
4.975000 -1.896070 10.194075 
4.975000 -1.234805 14.713425 
4.975000 -2.857415 14.398220 
4.975000 1.724250 13.894255 
4.975000 0.566280 11.770100 
4.975000 -0.017545 9.031870 
4.975000 -1.706100 14.002550 
4.975000 -2.617230 13.717595 
4.975000 -1.245695 14.663815 
4.975000 2.064865 12.368445 
4.975000 1.945680 11.350835 
4.975000 0.240185 9.325295 
4.975000 1.049070 13.962015 
4.975000 2.158035 13.734535 
4.975000 -0.438625 12.510620 
4.975000 -0.477345 9.197640 
4.975000 2.936670 12.690305 
4.975000 -2.143515 13.312850 
4.975000 0.182105 12.897215 
4.975000 1.485275 14.605735 
4.975000 0.455565 13.566345 
4.975000 0.544500 14.286295 
4.975000 0.978890 13.774465 
4.975000 -0.793155 12.952270 
4.975000 2.138675 12.551155 
4.975000 2.926990 10.246710 
4.975000 -1.402995 10.852920 
4.975000 -2.210065 9.935135 
4.975000 0.487630 12.464640 
4.975000 1.793220 14.973575 
4.975000 0.989175 12.867570 
4.975000 -1.467125 10.290875 
4.975000 2.628725 10.693805 
4.975000 2.616625 11.414965 
4.975000 2.838660 9.578790 
4.975000 -0.036905 13.076900 
4.975000 0.338195 12.269830 
4.975000 2.862255 9.482595 
4.975000 -0.747175 14.135045 
4.975000 -0.338800 11.044100 
4.975000 0.316415 14.210065 
4.975000 1.880945 9.356150 
4.975000 2.159245 11.731380 
4.975000 1.013980 12.488840 
4.975000 -1.769625 9.415440 
4.975000 1.308010 11.782200 
4.975000 1.098075 14.245155 
4.975000 -2.086040 14.865885 
4.975000 -2.951190 10.494760 
4.975000 2.941510 9.505585 
4.975000 -0.598950 12.706035 
4.975000 -2.049135 11.880210 
4.975000 -1.819235 12.557205 
4.975000 -0.332145 9.788120 
4.975000 -0.142175 12.459195 
4.975000 -2.562780 12.147015 
4.975000 -1.678270 12.992200 
4.975000 1.541540 14.343165 
4.975000 -0.192995 9.455975 
4.975000 -2.103585 9.324085 
4.975000 0.131285 10.855945 
4.975000 -1.923900 14.229425 
4.975000 -0.136125 14.047925 
4.975000 -2.482315 11.015060 
4.975000 -2.660790 9.730645 
4.975000 -0.745360 9.434800 
4.975000 -1.867030 9.558220 
4.975000 1.140425 12.230505 
4.975000 -1.162810 11.338735 
4.975000 0.615890 13.626240 
4.975000 2.591820 11.512975 
4.975000 1.323135 13.078110 
4.975000 -1.810765 9.888550 
4.975000 2.212485 9.632635 
4.975000 -2.018280 10.814805 
4.975000 0.695750 9.084505 
4.975000 0.131890 13.138610 
4.975000 0.161535 13.796850 
4.975000 1.629870 12.813725 
4.975000 -0.637065 10.497180 
4.975000 2.799940 11.787040 
4.975000 0.370260 13.642575 
4.975000 2.691645 9.907910 
4.975000 0.272250 10.486290 
4.975000 0.930490 10.503835 
4.975000 -1.165230 9.863140 
4.975000 -0.240185 12.497310 
4.975000 1.410860 9.132905 
4.975000 -2.209460 12.974050 
4.975000 2.813855 12.598950 
3.975000 2.250600 6.016530 
-1.975000 0.923835 3.932640 
-1.975000 2.350425 4.990785 
-1.975000 -1.138005 3.925380 
-1.975000 -1.206975 5.378590 
-1.975000 -0.290400 5.289050 
-1.975000 -0.000605 4.356140 
-1.975000 -0.521510 5.224920 
-1.975000 -1.634710 4.626575 
-1.975000 0.150645 4.226670 
-1.975000 -0.367840 3.712420 
-1.975000 0.451330 5.255170 
-1.975000 0.509410 3.967125 
-1.975000 2.139885 4.962955 
-1.975000 -1.518550 4.326495 
-1.975000 1.173095 4.752415 
-1.975000 -1.484065 4.737290 
-1.975000 0.456170 5.521370 
-1.975000 1.156760 4.056060 
-1.975000 1.850090 4.831670 
-1.975000 -2.062445 4.685865 
-1.975000 -1.345520 4.146810 
-1.975000 -0.520300 4.094175 
-1.975000 -2.212485 4.950855 
-1.975000 -0.378730 4.637465 
-1.975000 -0.895400 4.700990 
-1.975000 0.264385 3.575085 
-1.975000 -1.501610 5.058545 
-1.975000 -1.656490 5.261220 
-1.975000 1.937210 5.140825 
-1.975000 -0.121605 5.033135 
-1.975000 0.130680 4.471695 
-1.975000 0.554180 4.620525 
-1.975000 1.145265 3.678540 
-1.975000 -1.408440 5.501405 
-1.975000 -1.758130 4.122610 
-1.975000 1.731510 5.423360 
-1.975000 -0.488235 4.935125 
-1.975000 -1.511290 4.521910 
-1.975000 -1.358830 4.867970 
-1.975000 0.137335 3.924775 
-1.975000 0.820380 5.248515 
-1.975000 -1.198505 4.749995 
-1.975000 -0.822195 4.340410 
-1.975000 0.653400 4.468065 
-1.975000 1.467125 4.334965 
-1.975000 1.681900 4.714300 
-1.975000 -0.593505 4.092965 
-1.975000 1.727275 5.216450 
-1.975000 1.197295 4.261760 
-1.975000 -0.121000 4.483795 
-1.975000 2.118105 4.625365 
-1.975000 -1.399970 4.403935 
-1.975000 -2.018885 5.322325 
-3.074630 -0.209330 10.475000 
-3.351650 -1.458655 10.475000 
-3.692255 0.175450 10.475000 
-3.120395 -0.557205 10.475000 
-3.407135 0.039930 10.475000 
-3.636365 0.948035 10.475000 
-2.987555 2.727340 10.475000 
-3.444800 -1.078110 10.475000 
-3.167375 -0.013310 10.475000 
-3.554150 -0.574145 10.475000 
-3.519320 2.689225 10.475000 
-3.650945 1.410255 10.475000 
-3.656615 1.911800 10.475000 
-3.145910 2.158640 10.475000 
-3.488135 -1.629870 10.475000 
-3.015905 -2.490180 10.475000 
-3.567920 -1.002485 10.475000 
-3.425360 -0.363605 10.475000 
-3.498665 1.745425 10.475000 
-3.166970 -2.314125 10.475000 
-3.305480 -0.604395 10.475000 
-3.586955 0.225060 10.475000 
-3.516080 2.017675 10.475000 
-3.296165 1.779305 10.475000 
-3.169805 -0.843370 10.475000 
-3.082325 1.892440 10.475000 
-3.046280 2.130205 10.475000 
-3.320870 1.598410 10.475000 
-2.981885 -2.095720 10.475000 
-3.422525 2.723710 10.475000 
-3.164540 -1.676455 10.475000 
-3.094880 -2.669865 10.475000 
-3.743690 -0.628595 10.475000 
-3.113105 2.457510 10.475000 
-3.221645 -1.822260 10.475000 
-3.387290 -0.144595 10.475000 
-3.693875 1.862795 10.475000 
-3.324110 2.040060 10.475000 
-3.042230 2.409715 10.475000 
-3.703595 1.157970 10.475000 
-3.708050 -1.020030 10.475000 
-2.990390 0.523930 10.475000 
-3.224480 -2.359500 10.475000 
-3.156845 1.903935 10.475000 
-3.105005 0.771375 10.475000 
-3.588575 -0.811910 10.475000 
-3.721010 2.243945 10.475000 
-2.975000 0.067760 13.347490 
-2.975000 1.039995 10.669285 
-2.975000 -1.050280 10.992890 
-2.975000 -2.296580 11.313750 
-2.975000 0.201465 12.216245 
-2.975000 -0.685465 10.700395 
-2.975000 1.853115 13.131245 
-2.975000 0.155485 12.186965 
-2.975000 -2.684385 11.776130 
-2.975000 1.830730 13.381955 
-2.975000 2.747910 12.492270 
-2.975000 0.195415 11.348215 
-2.975000 1.362460 12.823500 
-2.975000 0.228085 12.216855 
-2.975000 0.880880 12.493185 
-2.975000 -1.580865 12.321165 
-2.975000 1.022450 10.953240 
-2.975000 2.794495 13.252330 
-2.975000 -1.902120 12.398330 
-2.975000 2.037035 10.726015 
-2.975000 1.762970 12.667645 
-2.975000 0.543290 11.156675 
-2.975000 1.723040 12.297985 
-2.975000 0.965580 12.764940 
-2.975000 -0.973445 11.927715 
-2.975000 -2.191915 10.772070 
-2.975000 -0.703615 11.369565 
-2.975000 -2.642035 12.518500 
-2.975000 2.277220 12.744810 
-2.975000 -0.569305 12.308050 
-2.975000 -1.776885 12.067100 
-2.975000 -1.125300 12.441030 
-2.975000 0.334565 12.032025 
-2.975000 -2.170740 11.316495 
-2.975000 2.985675 11.622105 
-2.975000 1.393315 13.457595 
-2.975000 2.036430 11.756305 
-2.975000 -2.916705 13.388665 
-2.975000 1.246905 11.257630 
-2.975000 1.409650 11.428735 
-2.975000 -0.543895 10.613165 
-2.975000 -0.976470 13.130635 
-2.975000 -1.960200 11.783450 
-2.975000 -1.977140 10.588460 
-2.975000 -1.370930 10.634820 
-2.975000 -1.756920 11.128615 
-2.975000 2.171950 10.825750 
-2.975000 -1.447765 10.959340 
-2.975000 -2.601500 10.625975 
-2.975000 -0.450120 10.588155 
-2.975000 0.909315 12.606035 
-2.975000 -2.306260 10.950495 
-2.975000 -2.351635 11.960045 
-2.975000 1.473780 12.829295 
-2.975000 1.329790 11.855430 
-2.975000 -2.219745 11.928630 
-2.975000 2.919125 10.871195 
-2.975000 0.356950 10.801350 
-2.975000 -2.152590 10.958425 
-2.975000 2.093905 11.595570 
-2.975000 0.494890 10.636040 
-2.975000 -2.009810 12.582245 
-2.975000 2.116290 10.706800 
-2.975000 -2.265725 10.669590 
-2.975000 -2.414555 13.280390 
-2.975000 -1.490115 11.043215 
-2.975000 2.888875 12.766160 
-2.975000 2.259070 11.611125 
-2.975000 -2.150775 10.745840 
-2.975000 -1.956570 12.356850 
-2.975000 1.384240 13.111115 
-2.975000 0.783475 11.419890 
-2.975000 -0.503360 11.531825 
-2.975000 -2.176185 12.987285 
-2.975000 1.974115 11.073410 
-2.975000 -1.518550 13.483520 
-2.975000 1.073270 11.719705 
-2.975000 -0.096195 10.633905 
-2.975000 -2.323805 10.970320 
-2.975000 1.315270 11.221640 
-2.975000 -0.416240 11.136240 
-2.975000 0.624965 13.436855 
-2.975000 -0.946220 11.721535 
-2.975000 -2.222165 11.928935 
-2.975000 1.384845 10.851065 
-2.975000 0.743545 11.418365 
-2.975000 -1.486485 10.758345 
-2.975000 -0.366630 13.182180 
-2.975000 -0.928675 11.409215 
-2.975000 0.015125 11.130445 
-2.975000 -1.806530 11.002040 
-2.975000 -1.716990 11.654740 
-2.975000 -0.369655 12.042700 
-2.975000 1.067220 12.610915 
-2.975000 0.486420 11.054500 
-2.975000 -0.563860 11.676090 
-2.975000 -3.024395 10.510380 
-2.975000 -0.482185 12.443165 
-2.975000 -2.286900 11.523285 
-2.975000 -2.406085 12.161650 
-2.975000 -0.015125 11.957605 
-2.975000 0.477950 12.686860 
-2.975000 -1.524600 11.655655 
-2.975000 1.170070 12.468785 
-2.975000 2.230030 12.288225 
-2.975000 1.617165 13.010160 
-2.975000 -1.706100 12.625860 
-2.975000 -1.698840 13.474675 
-2.975000 -1.094445 11.365905 
-2.975000 -0.108295 12.093940 
-2.975000 0.361790 13.218475 
-2.975000 2.487155 12.073505 
-2.975000 -1.999525 12.182695 
-2.975000 0.235345 13.423130 
-2.975000 -2.088460 11.364075 
-2.975000 -0.526955 12.430660 
-2.975000 -3.015320 11.351875 
-2.975000 1.056330 13.500295 
-2.975000 -1.326160 11.236280 
-2.975000 -0.125235 11.597705 
-2.975000 -1.819235 10.930975 
-2.975000 2.145935 13.164490 
-2.975000 2.210670 10.635125 
-2.975000 -0.940170 12.638060 
-2.975000 2.269960 12.975085 
-2.975000 -0.880880 12.996435 
-2.975000 2.940300 11.802055 
-2.975000 0.787710 11.284775 
-2.975000 2.222165 10.949275 
-2.975000 -2.527085 10.990755 
-2.975000 -0.329725 10.542405 
-2.975000 2.691040 11.985360 
-2.975000 -2.285085 10.726015 
-2.975000 2.825955 12.364475 
-2.975000 0.742940 11.704760 
-2.975000 -1.888205 11.836520 
-2.975000 -1.038785 12.982405 
-2.975000 0.059290 12.542290 
-2.975000 -0.683650 13.003145 
-2.975000 0.899030 13.080920 
-2.975000 -1.111385 11.275015 
-2.975000 -1.012770 10.484150 
-2.975000 2.442385 11.397015 
-2.975000 -2.461745 13.411540 
-2.975000 1.616560 12.826550 
-2.975000 -0.433785 11.009970 
-2.975000 -1.174910 13.061095 
-2.975000 2.603315 11.612955 
-2.975000 0.773190 11.780705 
-2.975000 2.004365 13.212070 
-2.975000 -0.944405 11.239330 
-2.975000 -2.585165 12.470920 
-2.975000 -1.014585 12.525210 
-2.975000 -2.200385 11.138985 
-2.975000 -2.588795 12.668865 
-2.975000 0.706640 12.868945 
-2.975000 -0.465245 10.546980 
-2.975000 2.790260 12.258030 
-2.975000 0.287375 11.471740 
-2.975000 1.409650 10.640615 
-2.975000 -1.635315 13.372195 
-2.975000 1.801690 12.904325 
-2.975000 1.844040 12.108275 
-2.975000 0.597740 12.695705 
-2.975000 0.759880 11.794735 
-2.975000 1.108965 11.787110 
-2.975000 1.329790 12.319335 
-2.975000 2.493205 11.668465 
-2.975000 0.659450 10.633905 
-2.975000 1.642575 10.622620 
-2.975000 -0.190575 11.440020 
-2.975000 -0.968000 10.546675 
-2.975000 0.654610 13.194380 
-2.975000 2.139280 11.393660 
-2.975000 -0.874225 12.887245 
-2.975000 -0.750200 12.264130 
-2.975000 -0.707245 11.147220 
-2.975000 -0.658845 11.005090 
-2.975000 0.225060 12.985455 
-2.975000 -1.477410 13.494500 
-2.975000 -2.689830 12.908900 
-2.975000 -0.588665 13.339560 
-2.975000 2.817485 12.839360 
-2.975000 1.980770 11.435140 
-2.975000 3.015320 12.227835 
-2.975000 2.366155 11.189005 
-2.975000 -1.466520 11.899045 
-2.975000 -0.856075 13.117520 
-2.975000 1.831940 12.003050 
-2.975000 -1.259005 11.121905 
-2.975000 -0.399905 12.895480 
-2.975000 -2.940300 11.399455 
-2.975000 -0.139150 11.854210 
-2.975000 -1.359435 11.710860 
-2.975000 -2.841080 12.455670 
-2.975000 -0.318230 12.095160 
-2.975000 -2.386120 10.736690 
-2.975000 2.184050 13.067805 
-2.975000 1.815605 10.692465 
-2.975000 -1.323740 12.574620 
-2.975000 2.556125 12.910425 
-2.975000 2.423630 12.938180 
-2.975000 1.052700 12.961970 
-2.975000 2.732180 13.202615 
-2.975000 1.461680 10.816600 
-2.975000 2.453880 13.155340 
-2.975000 -1.924505 11.010275 
-2.975000 -1.434455 12.167445 
-2.975000 0.576565 12.484645 
-2.975000 2.683175 12.116510 
-2.975000 1.237830 12.383385 
-2.975000 1.279575 11.667245 
-2.975000 2.276010 11.833470 
-2.975000 -2.106005 11.108485 
-2.975000 2.397010 12.537715 
-2.975000 -2.359500 11.796260 
-2.975000 -1.568160 11.859395 
-2.975000 2.447225 12.444690 
-2.975000 0.242605 12.152500 
-2.975000 0.980100 13.086410 
-2.975000 1.421750 11.334185 
-2.975000 -2.465980 12.206485 
-2.975000 -2.283270 13.271545 
-2.975000 -1.747845 11.558665 
-2.975000 0.174240 12.664595 
-2.975000 -0.946220 10.946530 
-2.975000 0.275880 13.124230 
-2.975000 -1.124695 12.580415 
-2.975000 2.407900 10.648850 
-2.975000 1.412070 11.896300 
-2.975000 0.208120 11.784670 
-2.975000 2.319570 11.934730 
-2.975000 -2.271775 12.839360 
-2.975000 -1.057540 11.765455 
-2.975000 -1.335235 11.389390 
-2.975000 -1.713360 13.486265 
-2.975000 -1.874290 10.518615 
-2.975000 0.402325 11.418060 
-2.975000 -1.211210 11.429040 
-2.975000 1.003695 12.846680 
-2.975000 0.407770 13.002230 
-2.975000 -1.013980 12.441335 
-2.975000 2.844710 12.757010 
-2.975000 1.847065 12.446825 
-2.975000 1.499190 13.123010 
-2.975000 -1.223915 11.005395 
-2.975000 -1.284415 13.273070 
-2.975000 1.165835 12.964715 
-2.975000 -1.576630 11.732210 
-2.975000 -0.923835 12.466955 
5.217650 2.991120 17.975000 
-2.923330 -2.378860 17.975000 
1.030275 0.824010 17.975000 
5.557460 0.544500 17.975000 
-1.660490 1.931160 17.975000 
4.330770 -2.004365 17.975000 
5.498415 1.963225 17.975000 
0.978460 -1.169465 17.975000 
2.590750 -2.440570 17.975000 
-0.255460 -2.343165 17.975000 
1.014610 2.383095 17.975000 
5.121250 1.547590 17.975000 
5.315255 0.491260 17.975000 
3.945170 -1.018215 17.975000 
-0.741075 -2.823535 17.975000 
-2.353365 -2.511960 17.975000 
-2.288295 -2.879800 17.975000 
4.136765 -1.415700 17.975000 
1.743635 0.977075 17.975000 
3.110105 1.289860 17.975000 
-0.468745 2.994145 17.975000 
4.685040 -1.591755 17.975000 
5.937035 -2.750935 17.975000 
1.524325 -0.308550 17.975000 
3.214940 1.802900 17.975000 
3.898175 -1.637130 17.975000 
5.415270 -1.793825 17.975000 
-3.283625 1.594175 17.975000 
1.984635 -1.455025 17.975000 
0.807350 1.246300 17.975000 
-1.098960 1.419330 17.975000 
2.212380 1.750870 17.975000 
1.946075 -2.155615 17.975000 
-3.747550 0.438625 17.975000 
1.888235 -1.274130 17.975000 
4.319925 -0.297660 17.975000 
-3.026960 -0.927465 17.975000 
-0.121705 -2.941510 17.975000 
4.247625 2.786025 17.975000 
-1.696640 -0.367235 17.975000 
-1.999095 -2.541000 17.975000 
3.447505 -2.880405 17.975000 
-1.280915 0.219615 17.975000 
4.465730 1.997105 17.975000 
0.226540 -0.453145 17.975000 
4.213885 0.321860 17.975000 
2.373850 2.042480 17.975000 
-1.083295 -2.138675 17.975000 
-0.772405 2.335300 17.975000 
5.687600 1.222705 17.975000 
0.661545 2.154405 17.975000 
4.457295 -1.901515 17.975000 
3.390870 1.089000 17.975000 
3.067930 -0.861520 17.975000 
-0.751920 -2.174370 17.975000 
-2.889590 2.171345 17.975000 
2.277450 0.352715 17.975000 
1.429130 -2.233660 17.975000 
2.218405 2.075150 17.975000 
2.177435 -0.191785 17.975000 
1.383340 -2.926385 17.975000 
0.451875 1.367300 17.975000 
-0.866395 1.125300 17.975000 
1.392980 0.058080 17.975000 
-1.618315 -0.139755 17.975000 
1.960535 -1.992870 17.975000 
-0.171110 2.243340 17.975000 
-3.272780 -0.338195 17.975000 
-3.374000 -1.570580 17.975000 
5.594815 -1.202740 17.975000 
0.939900 -1.666170 17.975000 
-1.742430 2.112660 17.975000 
-2.078625 2.007390 17.975000 
-2.407590 1.056935 17.975000 
2.301550 -2.975390 17.975000 
-1.573730 0.303710 17.975000 
4.475370 -1.641970 17.975000 
-1.525530 1.800480 17.975000 
4.936885 -0.078045 17.975000 
1.900285 1.446555 17.975000 
-3.071545 -1.769020 17.975000 
1.829190 1.686135 17.975000 
3.310135 2.249390 17.975000 
4.717575 2.925175 17.975000 
-3.517395 0.424105 17.975000 
5.261030 -1.822260 17.975000 
4.500675 -0.713295 17.975000 
-0.862780 -0.635855 17.975000 
3.948785 2.594845 17.975000 
-1.012200 -0.381150 17.975000 
3.751165 1.436875 17.975000 
5.363455 1.263845 17.975000 
-0.148215 -2.683780 17.975000 
2.881155 0.041745 17.975000 
-1.558065 -1.005510 17.975000 
0.392830 -1.816210 17.975000 
0.986895 -1.165835 17.975000 
-3.863230 -0.568095 17.975000 
1.276095 -1.557270 17.975000 
1.656875 -1.591755 17.975000 
3.627050 1.025475 17.975000 
2.912485 -2.416975 17.975000 
-0.322940 -1.711545 17.975000 
5.133300 0.320650 17.975000 
1.318270 -2.701325 17.975000 
-2.582315 -2.729155 17.975000 
0.672390 1.660725 17.975000 
-1.812320 0.968000 17.975000 
5.132095 1.098075 17.975000 
1.813525 -0.031460 17.975000 
2.344930 2.612390 17.975000 
-3.142640 1.925715 17.975000 
4.333180 2.490785 17.975000 
5.132095 -2.415160 17.975000 
3.257115 -0.441650 17.975000 
0.331375 1.372745 17.975000 
5.350200 -2.133835 17.975000 
2.413615 -3.020765 17.975000 
2.283475 0.032065 17.975000 
0.653110 -1.150710 17.975000 
2.644975 2.874960 17.975000 
-2.766680 1.484065 17.975000 
0.769995 2.006180 17.975000 
3.173970 -0.921415 17.975000 
3.680070 0.833690 17.975000 
-2.087060 -2.870120 17.975000 
1.384545 0.193600 17.975000 
2.160565 0.299475 17.975000 
-3.789725 -1.850695 17.975000 
-1.993070 -2.935460 17.975000 
5.540590 2.268750 17.975000 
-0.175930 0.145805 17.975000 
-2.778730 1.085370 17.975000 
2.994425 -0.659450 17.975000 
-3.342670 2.822930 17.975000 
-2.237685 2.708585 17.975000 
-0.281970 0.733865 17.975000 
4.751315 -2.326225 17.975000 
3.329415 -1.318295 17.975000 
4.542850 -1.686740 17.975000 
2.472660 0.206910 17.975000 
2.638950 -0.851840 17.975000 
-3.752370 -0.698775 17.975000 
-1.027865 0.140360 17.975000 
2.094290 0.213565 17.975000 
0.741075 2.733995 17.975000 
5.042925 -2.677125 17.975000 
1.430335 -0.109505 17.975000 
-1.214640 2.631750 17.975000 
3.511370 -0.634645 17.975000 
5.218855 2.488970 17.975000 
-0.654315 0.216590 17.975000 
4.759750 -1.370325 17.975000 
1.903900 -2.028565 17.975000 
2.463020 -2.519220 17.975000 
-3.107695 -1.042415 17.975000 
-2.143695 1.538515 17.975000 
5.118840 -1.274130 17.975000 
-3.116130 3.000195 17.975000 
2.273835 -0.082885 17.975000 
4.888685 1.785355 17.975000 
-2.429280 -1.033945 17.975000 
-0.648290 2.700720 17.975000 
0.201235 0.316415 17.975000 
0.995330 2.089670 17.975000 
-1.300195 2.681965 17.975000 
-0.251845 -2.112055 17.975000 
-0.910980 -0.163350 17.975000 
-2.736555 -2.968130 17.975000 
-2.894410 -0.801625 17.975000 
-1.047145 -2.199780 17.975000 
0.803735 1.133770 17.975000 
1.827985 2.747305 17.975000 
4.826025 0.001815 17.975000 
0.947130 -2.707980 17.975000 
-0.945925 2.847735 17.975000 
-0.678415 -0.151855 17.975000 
-0.189185 2.092695 17.975000 
0.766380 -0.896610 17.975000 
5.594815 -1.738770 17.975000 
-3.821055 0.659450 17.975000 
1.345985 2.821115 17.975000 
0.341015 -2.553705 17.975000 
-3.442685 -1.539120 17.975000 
0.821810 0.464035 17.975000 
0.371140 -0.506385 17.975000 
5.020030 -1.694000 17.975000 
-2.193100 -0.415635 17.975000 
4.519955 2.399430 17.975000 
0.031330 -2.330460 17.975000 
-3.314955 -1.230570 17.975000 
5.222470 -0.940775 17.975000 
0.688055 -0.960135 17.975000 
1.030275 0.199045 17.975000 
-0.008435 -0.755040 17.975000 
-0.563940 -1.831335 17.975000 
-3.139025 -1.193665 17.975000 
-1.756890 0.885720 17.975000 
0.019280 1.635315 17.975000 
4.059645 2.456905 17.975000 
0.127730 -0.273460 17.975000 
-1.790630 2.758195 17.975000 
-2.199125 -0.065340 17.975000 
-2.707635 -2.448435 17.975000 
-0.763970 0.843370 17.975000 
-3.948785 2.011020 17.975000 
4.131945 0.952270 17.975000 
-0.121705 -1.168860 17.975000 
5.659885 2.609365 17.975000 
4.448860 0.411400 17.975000 
0.019400 3.000000 17.191600 
2.298600 3.000000 14.281000 
-2.655800 3.000000 14.954200 
1.834400 3.000000 7.012200 
-0.737400 3.000000 6.820800 
3.730800 3.000000 8.886600 
1.596800 3.000000 8.739200 
4.767000 3.000000 10.158200 
4.599800 3.000000 12.562800 
-2.451200 3.000000 12.193200 
1.132600 3.000000 9.333200 
3.187400 3.000000 8.677600 
4.615200 3.000000 8.305800 
2.267800 3.000000 7.458800 
-1.098200 3.000000 8.081400 
4.223600 3.000000 10.798400 
0.743200 3.000000 7.368600 
3.337000 3.000000 10.213200 
1.247000 3.000000 12.560600 
3.491000 3.000000 9.729200 
1.610000 3.000000 15.084000 
3.411800 3.000000 8.660000 
-2.713000 3.000000 14.723200 
3.651600 3.000000 11.737800 
1.528600 3.000000 10.380400 
0.061200 3.000000 6.323600 
0.820200 3.000000 7.353200 
-2.204800 3.000000 15.308400 
4.654800 3.000000 7.593000 
4.967200 3.000000 10.910600 
0.672800 3.000000 12.617800 
-2.031000 3.000000 15.900200 
-0.539400 3.000000 7.623800 
0.270200 3.000000 14.426200 
0.688200 3.000000 8.492800 
1.533000 3.000000 7.725000 
-2.325800 3.000000 14.666000 
-0.328200 3.000000 17.242200 
1.577000 3.000000 14.659400 
1.086400 3.000000 16.388600 
-2.933000 3.000000 13.898200 
2.127000 3.000000 17.838400 
4.734000 3.000000 8.719400 
5.592000 3.000000 17.290600 
-0.631800 3.000000 16.659200 
-2.009000 3.000000 14.490000 
-1.247800 3.000000 10.125200 
4.091600 3.000000 16.219200 
4.243400 3.000000 13.244800 
0.741000 3.000000 11.267000 
1.786000 3.000000 9.265000 
0.312000 3.000000 7.509400 
0.191000 3.000000 13.313000 
-2.273000 3.000000 10.921600 
-2.521600 3.000000 17.257600 
-0.429400 3.000000 10.195600 
0.947800 3.000000 15.407400 
4.448000 3.000000 9.309000 
-1.824200 3.000000 6.185000 
3.037800 3.000000 10.567400 
0.789400 3.000000 9.126400 
-1.498600 3.000000 13.678200 
0.688200 3.000000 7.320200 
-0.737400 3.000000 11.093200 
2.265600 3.000000 11.852200 
1.964200 3.000000 13.282200 
0.646400 3.000000 13.550600 
3.356800 3.000000 6.990200 
1.816800 3.000000 7.036400 
-2.350000 3.000000 10.622400 
4.212600 3.000000 12.228400 
4.861600 3.000000 10.956800 
4.987000 3.000000 17.189400 
0.070000 3.000000 7.027600 
0.217400 3.000000 13.535200 
-1.866000 3.000000 17.904400 
-0.495400 3.000000 15.114800 
-2.486400 3.000000 14.925600 
-2.880200 3.000000 11.216400 
1.988400 3.000000 15.330400 
-0.398600 3.000000 13.882800 
2.690200 3.000000 15.330400 
2.314000 3.000000 9.251800 
0.723400 3.000000 8.396000 
-1.749400 3.000000 17.583200 
-1.203800 3.000000 12.771800 
1.291000 3.000000 16.696600 
2.164400 3.000000 10.580600 
1.753000 3.000000 8.704000 
0.837800 3.000000 8.829400 
5.433600 3.000000 16.538200 
4.049800 3.000000 8.052800 
5.064000 3.000000 17.941800 
4.793400 3.000000 13.280000 
1.405400 3.000000 7.285000 
1.317400 3.000000 11.405600 
1.066600 3.000000 12.371400 
-2.453400 3.000000 17.462200 
-2.616200 3.000000 9.892000 
1.662800 3.000000 17.191600 
2.705600 3.000000 12.822400 
-2.979200 3.000000 15.777000 
4.212600 3.000000 15.235800 
-3.474200 3.000000 9.975600 
-0.968400 3.000000 8.226600 
4.705400 3.000000 15.915600 
-1.276400 3.000000 10.404600 
2.778200 3.000000 6.497400 
-3.254200 3.000000 15.046600 
2.459200 3.000000 11.440800 
-1.181800 3.000000 16.505200 
2.333800 3.000000 7.898800 
3.510800 3.000000 10.171400 
5.402800 3.000000 17.642600 
-0.031200 3.000000 6.088200 
1.086400 3.000000 16.872600 
4.016800 3.000000 17.490800 
-2.422600 3.000000 12.527600 
-2.319200 3.000000 10.541000 
2.316200 3.000000 7.951600 
-2.006800 3.000000 9.570800 
-1.527200 3.000000 9.830400 
5.345600 3.000000 8.825000 
-2.070600 3.000000 16.940800 
3.667000 3.000000 9.830400 
3.550400 3.000000 7.353200 
0.567200 3.000000 17.534800 
-2.105800 3.000000 8.853600 
3.832000 3.000000 11.141600 
-2.893400 3.000000 12.287800 
3.405200 3.000000 6.457800 
5.055200 3.000000 7.769000 
2.776000 3.000000 12.041400 
-0.246800 3.000000 9.705000 
0.947800 3.000000 16.538200 
-0.957400 3.000000 14.864000 
2.595600 3.000000 7.870200 
-1.701000 3.000000 11.390200 
2.721000 3.000000 16.824200 
3.288600 3.000000 17.281800 
-0.530600 3.000000 12.936800 
-0.970600 3.000000 14.146800 
0.725600 3.000000 10.035000 
-2.350000 3.000000 10.222000 
2.974000 3.000000 12.331800 
-0.194000 3.000000 8.880000 
-2.464400 3.000000 11.949000 
2.540600 3.000000 17.127800 
-2.741600 3.000000 15.840800 
3.427200 3.000000 17.754800 
0.945600 3.000000 15.605400 
3.158800 3.000000 11.388000 
-1.520600 3.000000 15.572400 
1.412000 3.000000 10.886400 
2.617600 3.000000 9.570800 
2.296400 3.000000 9.168200 
2.771600 3.000000 15.964000 
-0.398600 3.000000 12.499000 
-0.821000 3.000000 12.312000 
1.955400 3.000000 13.552800 
2.780400 3.000000 9.702800 
-3.388400 3.000000 9.540000 
0.252600 3.000000 9.683000 
3.319400 3.000000 15.343600 
-1.234600 3.000000 16.041000 
3.057600 3.000000 15.429400 
-2.211400 3.000000 14.461400 
3.145600 3.000000 6.011200 
4.432600 3.000000 15.770400 
5.050800 3.000000 8.382800 
0.380200 3.000000 17.237800 
0.890600 3.000000 7.804200 
-0.838600 3.000000 11.531000 
-1.102600 3.000000 17.814200 
1.240400 3.000000 16.371000 
1.891600 3.000000 10.534400 
0.092000 3.000000 7.025400 
-0.469000 3.000000 13.854200 
1.110600 3.000000 11.091000 
-0.733000 3.000000 6.453400 
-0.196200 3.000000 17.600800 
-2.284000 3.000000 17.237800 
3.163200 3.000000 17.818600 
0.978600 3.000000 7.333400 
2.032400 3.000000 8.572000 
0.853200 3.000000 11.894000 
0.325200 3.000000 10.409000 
1.673800 3.000000 15.858400 
-2.618400 3.000000 8.822800 
3.937600 3.000000 16.720800 
-0.950800 3.000000 12.166800 
1.365800 3.000000 8.325600 
2.375600 3.000000 7.824000 
-1.225800 3.000000 9.086800 
3.053200 3.000000 6.306000 
-1.632800 3.000000 7.058400 
-0.612000 3.000000 13.090800 
2.184200 3.000000 11.319800 
3.814400 3.000000 13.592400 
-1.881400 3.000000 16.775800 
-1.509600 3.000000 14.611000 
1.277800 3.000000 16.877000 
-1.335800 3.000000 16.753800 
2.421800 3.000000 16.366600 
-2.284000 3.000000 7.683200 
-0.178600 3.000000 13.035800 
4.036600 3.000000 7.472000 
2.426200 3.000000 15.924400 
-1.492000 3.000000 9.927200 
-1.164200 3.000000 9.113200 
0.050200 3.000000 16.945200 
2.298600 3.000000 15.642800 
-2.827400 3.000000 11.416600 
1.211800 3.000000 9.518000 
-0.869400 3.000000 7.621600 
4.553600 3.000000 16.195000 
-3.342200 3.000000 17.002400 
2.936600 3.000000 9.133000 
1.086400 3.000000 9.709400 
2.776000 3.000000 13.317400 
-1.093800 3.000000 11.891800 
4.091600 3.000000 14.140200 
4.441400 3.000000 17.862600 
2.677000 3.000000 11.533200 
2.580200 3.000000 12.305400 
-1.307200 3.000000 10.213200 
-0.110400 3.000000 16.432600 
3.715400 3.000000 16.973800 
-2.996800 3.000000 8.943800 
-2.013400 3.000000 7.819600 
1.405400 3.000000 14.030200 
0.661800 3.000000 9.953600 
-0.792400 3.000000 12.831200 
-2.196000 3.000000 7.342200 
2.107200 3.000000 12.358200 
4.483200 3.000000 8.875600 
-0.605400 3.000000 6.565600 
2.047800 3.000000 17.919800 
4.815400 3.000000 10.347400 
1.955400 3.000000 14.402000 
4.771400 3.000000 17.873600 
1.181000 3.000000 6.849400 
4.111400 3.000000 16.993600 
-2.110200 3.000000 13.407600 
3.642800 3.000000 16.531600 
4.265400 3.000000 16.159800 
3.781400 3.000000 12.611200 
4.203800 3.000000 11.053600 
-1.910000 3.000000 9.135200 
4.162000 3.000000 14.960800 
3.015800 3.000000 8.242000 
-0.532800 3.000000 8.908600 
3.581200 3.000000 16.179600 
4.668000 3.000000 7.320200 
0.270200 3.000000 8.508200 
2.956400 3.000000 17.266400 
-0.517400 3.000000 16.089400 
0.829000 3.000000 11.693800 
3.722000 3.000000 17.462200 
-0.114800 3.000000 14.778200 
2.052200 3.000000 6.147600 
1.319600 3.000000 15.158800 
-3.181600 3.000000 17.138800 
3.233600 3.000000 16.074000 
-1.628400 3.000000 6.165200 
3.301800 3.000000 13.262400 
-0.814400 3.000000 9.958000 
0.631000 3.000000 8.844800 
2.144600 3.000000 16.899000 
-3.084800 3.000000 10.446400 
4.214800 3.000000 13.275600 
4.241200 3.000000 10.919400 
-0.128000 3.000000 9.025200 
3.887000 3.000000 14.160000 
3.365600 3.000000 10.743400 
2.696800 3.000000 11.920400 
-0.812200 3.000000 17.640400 
3.055400 3.000000 12.692600 
4.023400 3.000000 9.544400 
-1.877000 3.000000 16.239000 
-1.848400 3.000000 7.667800 
0.004000 3.000000 6.737200 
2.340400 3.000000 13.104000 
-0.202800 3.000000 8.948200 
1.148000 3.000000 12.389000 
3.403000 3.000000 15.334800 
2.652800 3.000000 13.876200 
-1.459000 3.000000 7.124400 
1.104000 3.000000 15.946400 
-3.469800 3.000000 16.452400 
-0.392000 3.000000 7.511600 
5.398400 3.000000 17.033200 
-3.425800 3.000000 16.384200 
1.022600 3.000000 15.700000 
-2.097000 3.000000 11.115200 
0.331800 3.000000 7.852600 
-1.272000 3.000000 12.901600 
0.026000 3.000000 13.062200 
-0.253400 3.000000 16.621800 
-1.340200 3.000000 15.257800 
-1.863800 3.000000 6.933000 
2.008200 3.000000 14.923400 
1.772800 3.000000 14.201800 
-2.680000 3.000000 16.753800 
-2.277400 3.000000 7.615000 
2.850800 3.000000 15.794600 
-2.702000 3.000000 14.734200 
-2.836200 3.000000 14.670400 
4.434800 3.000000 17.594200 
4.628400 3.000000 8.110000 
-2.517200 3.000000 8.195800 
4.399600 3.000000 7.386200 
-0.070800 3.000000 17.035400 
5.770200 3.000000 17.935200 
-1.813200 3.000000 15.515200 
1.552800 3.000000 12.232800 
-1.333600 3.000000 14.058800 
-1.685600 3.000000 7.234400 
-1.208200 3.000000 17.143200 
2.954200 3.000000 14.069800 
1.711200 3.000000 9.988800 
1.306400 3.000000 11.469400 
3.607600 3.000000 6.418200 
-1.214800 3.000000 8.116600 
-0.840800 3.000000 13.315200 
1.794800 3.000000 10.131800 
4.575600 3.000000 8.776600 
-1.637200 3.000000 8.101200 
1.049000 3.000000 7.538000 
4.311600 3.000000 12.774000 
3.757200 3.000000 13.566000 
4.542600 3.000000 15.917800 
-1.767000 3.000000 17.754800 
-1.131200 3.000000 14.127000 
1.163400 3.000000 14.413000 
3.321600 3.000000 14.978400 
2.575800 3.000000 11.627800 
1.462600 3.000000 15.750600 
4.635000 3.000000 13.447200 
1.715600 3.000000 6.946200 
4.188400 3.000000 17.394000 
2.309600 3.000000 15.526200 
-0.928800 3.000000 11.795000 
-1.041000 3.000000 10.659800 
-2.847200 3.000000 17.614000 
-2.125600 3.000000 9.606000 
-1.098200 3.000000 7.183800 
1.768400 3.000000 8.565400 
3.847400 3.000000 10.970000 
-1.582200 3.000000 12.721200 
3.583400 3.000000 15.297400 
1.064400 3.000000 15.090600 
3.583400 3.000000 6.411600 
-2.431400 3.000000 9.515800 
3.970600 3.000000 17.237800 
2.446000 3.000000 7.962600 
0.780600 3.000000 17.237800 
-2.475400 3.000000 14.604400 
-3.080400 3.000000 9.311200 
2.371200 3.000000 13.539600 
-2.794400 3.000000 15.033400 
0.664000 3.000000 13.055600 
0.336200 3.000000 14.784800 
2.780400 3.000000 14.292000 
0.158000 3.000000 9.927200 
4.437000 3.000000 13.396600 
5.361000 3.000000 8.433400 
2.839800 3.000000 16.954000 
-1.375400 3.000000 12.276800 
-1.595400 3.000000 15.020200 
4.434800 3.000000 12.230600 
4.137800 3.000000 16.091600 
-3.465400 3.000000 17.284000 
-3.711800 3.000000 17.812000 
2.408600 3.000000 15.196200 
-1.087200 3.000000 15.541600 
4.344600 3.000000 11.537600 
1.504400 3.000000 13.728800 
-0.238000 3.000000 14.437200 
3.543800 3.000000 14.734200 
2.135800 3.000000 11.744400 
-2.897800 3.000000 14.595600 
2.107200 3.000000 12.556200 
0.468200 3.000000 7.179400 
3.884800 3.000000 14.813400 
2.382200 3.000000 7.736000 
1.260200 3.000000 10.169200 
-1.151000 3.000000 14.461400 
0.545200 3.000000 10.224200 
-0.858400 3.000000 15.697800 
-0.801200 3.000000 10.736800 
0.144800 3.000000 10.404600 
0.730000 3.000000 12.158000 
0.466000 3.000000 7.135400 
0.314200 3.000000 8.726000 
0.549600 3.000000 13.018200 
-1.129000 3.000000 10.094400 
4.069600 3.000000 11.473800 
-1.624000 3.000000 13.068800 
2.003800 3.000000 13.803600 
-0.161000 3.000000 11.889600 
3.134600 3.000000 6.435800 
3.847400 3.000000 12.914800 
3.130200 3.000000 6.853800 
-2.774600 3.000000 14.745200 
-0.568000 3.000000 6.715200 
-1.327000 3.000000 6.138800 
0.741000 3.000000 13.009400 
4.692200 3.000000 9.698400 
-2.911000 3.000000 10.998600 
0.257000 3.000000 9.654400 
-1.694400 3.000000 12.180000 
-3.280600 3.000000 9.254000 
-0.581200 3.000000 9.465200 
4.549200 3.000000 17.486400 
-0.535000 3.000000 9.687400 
1.823400 3.000000 8.552200 
1.695800 3.000000 11.636600 
3.286400 3.000000 14.230400 
1.434000 3.000000 15.561400 
2.523000 3.000000 14.083000 
-1.241200 3.000000 16.621800 
-0.345800 3.000000 16.956200 
0.677200 3.000000 10.710400 
3.458000 3.000000 7.111200 
2.910200 3.000000 9.980000 
4.397400 3.000000 15.915600 
3.838600 3.000000 11.478200 
4.615200 3.000000 14.065400 
-1.577800 3.000000 9.498200 
0.712400 3.000000 17.416000 
4.516200 3.000000 14.380000 
4.617400 3.000000 16.221400 
-1.553600 3.000000 9.562000 
-1.258800 3.000000 14.107200 
-1.397400 3.000000 8.356400 
-1.793400 3.000000 17.968200 
0.637600 3.000000 7.978000 
-2.072800 3.000000 13.209600 
1.060000 3.000000 14.479000 
3.554800 3.000000 11.088800 
4.599800 3.000000 14.738600 
2.215000 3.000000 16.430400 
-1.360000 3.000000 16.311600 
-2.724000 3.000000 17.794400 
2.826600 3.000000 12.646400 
1.423000 3.000000 15.213800 
-2.024400 3.000000 16.923200 
-0.365600 3.000000 17.453400 
3.392000 3.000000 11.968800 
0.085400 3.000000 7.868000 
2.432800 3.000000 15.904600 
3.763800 3.000000 16.965000 
-0.946400 3.000000 8.851400 
2.215000 3.000000 7.469800 
1.590200 3.000000 11.262600 
-0.024600 3.000000 17.638200 
2.492200 3.000000 17.620600 
-3.236600 3.000000 9.817200 
1.955400 3.000000 14.362400 
2.111600 3.000000 16.872600 
4.144400 3.000000 8.701800 
-0.594400 3.000000 17.070600 
3.238000 3.000000 15.092800 
2.498800 3.000000 17.625000 
0.987400 3.000000 14.910200 
-2.295000 3.000000 9.456400 
-2.776800 3.000000 9.366200 
2.571400 3.000000 9.628000 
1.726600 3.000000 17.913200 
4.538200 3.000000 8.627000 
0.870800 3.000000 9.218800 
-0.502000 3.000000 15.328200 
0.235000 3.000000 11.821400 
-3.073800 3.000000 17.011200 
-0.994800 3.000000 14.795800 
-2.759200 3.000000 11.198800 
1.233800 3.000000 7.104600 
-1.278600 3.000000 7.485200 
-0.926600 3.000000 6.983600 
0.908200 3.000000 7.731600 
4.507400 3.000000 8.090200 
-3.241000 3.000000 16.610800 
-0.119200 3.000000 14.879400 
-2.728400 3.000000 15.297400 
0.747600 3.000000 15.466800 
2.784800 3.000000 6.108000 
-2.768000 3.000000 17.405000 
-0.629600 3.000000 6.123400 
-0.139000 3.000000 7.984600 
-1.456800 3.000000 10.475000 
-1.894600 3.000000 14.017000 
2.514200 3.000000 10.268200 
4.923200 3.000000 14.243600 
-1.588800 3.000000 14.142400 
1.260200 3.000000 13.678200 
0.727800 3.000000 10.725800 
-0.202800 3.000000 7.507200 
-0.308400 3.000000 10.024000 
2.806800 3.000000 9.553200 
3.288600 3.000000 15.411800 
-2.068400 3.000000 17.321400 
-2.013400 3.000000 12.303200 
-2.651400 3.000000 13.132600 
-2.548000 3.000000 15.904600 
2.993800 3.000000 13.632000 
0.809200 3.000000 6.149800 
-2.299400 3.000000 8.508200 
-1.261000 3.000000 10.908400 
-1.509600 3.000000 9.229800 
-2.759200 3.000000 8.924000 
3.953000 3.000000 12.813600 
-0.088400 3.000000 8.352000 
1.099600 3.000000 14.056600 
-2.303800 3.000000 9.443200 
4.300600 3.000000 15.838600 
1.361400 3.000000 10.248400 
4.551400 3.000000 9.324400 
-2.138800 3.000000 11.135000 
3.572400 3.000000 14.318400 
-0.218200 3.000000 16.049800 
4.940800 3.000000 11.161400 
2.413000 3.000000 7.562200 
1.643000 3.000000 11.625600 
-2.259800 3.000000 11.601400 
