0.000000 0.000000 -0.000000
1.000000 0.000000 -0.000000


-0.029442 0.999514 0.010245
0.970125 1.024662 -0.005010


-0.139812 2.150100 0.123936
0.859206 2.178123 0.089620


-0.046424 3.357207 0.352316
0.953111 3.387636 0.350459


-0.025745 3.966016 0.349657
0.973521 4.002287 0.361950


-0.020187 4.607279 0.348171
0.972589 4.727205 0.351707


-0.094755 4.932535 0.325993
0.873998 5.180328 0.315184


-0.205760 5.253002 0.298721
0.714963 5.642635 0.277403


-0.287070 5.405649 0.287378
0.594370 5.877105 0.259201


-0.526893 5.628646 0.252661
0.257369 6.248186 0.219451


-0.770734 5.821944 0.240717
-0.112443 6.573687 0.201545


-1.040373 5.955720 0.211290
-0.522646 6.810170 0.168009


-1.061414 5.957765 0.216332
-0.619603 6.853214 0.161796


-1.230247 6.004839 0.215461
-0.951985 6.962930 0.147412


-1.417925 6.011260 0.210988
-1.306294 7.002477 0.140079


-1.749184 5.988492 0.200756
-1.809284 6.984541 0.135369


-2.450483 5.956153 0.183885
-2.506985 6.953328 0.134385


-2.816987 5.952377 0.170326
-2.860181 6.950107 0.118664


-3.528154 5.950430 0.153022
-3.554215 6.948994 0.106214


-4.259975 5.936496 0.130639
-4.284486 6.935133 0.084553


-5.004991 5.930607 0.097870
-5.045528 6.928200 0.041614


-5.703909 5.914876 0.062019
-5.744616 6.912127 0.000094


-6.051350 5.895015 0.053357
-6.164798 6.884986 -0.030823


-6.219321 5.852708 0.049196
-6.436259 6.825076 -0.037046


-6.554490 5.717470 0.042817
-6.977922 6.620621 -0.028063


-6.830400 5.501862 0.048269
-7.517509 6.224914 -0.022985


-6.927845 5.363254 0.051522
-7.729538 5.957705 -0.011050


-6.989033 5.207038 0.055003
-7.883827 5.649929 -0.001484


-7.019737 5.077242 0.065519
-7.983499 5.340134 0.020237


-7.067113 4.753951 0.087578
-8.063158 4.675592 0.045693


-7.015014 4.467709 0.098668
-8.011390 4.383937 0.083947


-7.000300 4.335504 0.119021
-7.998124 4.272831 0.098525


-6.980785 4.209754 0.121718
-7.978613 4.149263 0.095651


-6.965917 4.058404 0.138276
-7.963958 4.003665 0.108006


-6.954213 3.908674 0.144257
-7.952526 3.860051 0.112524


-6.938257 3.759881 0.150646
-7.934439 3.684894 0.105950


-6.924779 3.691637 0.157743
-7.911653 3.536379 0.113306


-6.908406 3.629639 0.159974
-7.871795 3.366332 0.109465


-6.879663 3.572797 0.165037
-7.780355 3.141678 0.111279


-6.838993 3.524556 0.169153
-7.641338 2.929176 0.127134


-6.802200 3.486306 0.182594
-7.476442 2.748746 0.145138


-6.763980 3.460547 0.195755
-7.280887 2.605205 0.161138


-6.734393 3.453141 0.201868
-7.174539 2.555462 0.180825


-6.709419 3.445596 0.202237
-7.069293 2.512621 0.195384


-6.683234 3.440760 0.205995
-6.960571 2.479992 0.209004


-6.655758 3.437579 0.207386
-6.847890 2.456283 0.219375


-6.622357 3.437989 0.208857
-6.731603 2.444154 0.227775


-6.562999 3.437220 0.213178
-6.615400 2.439339 0.251742


-6.506188 3.434250 0.217842
-6.551084 2.436333 0.264169


-6.478435 3.432533 0.220093
-6.518902 2.434339 0.264479


-6.450642 3.430583 0.222618
-6.486194 2.432003 0.262271


-6.423486 3.429124 0.225402
-6.455338 2.430381 0.264104


-6.396634 3.428194 0.228474
-6.424146 2.429254 0.265379


-6.369189 3.426406 0.232305
-6.397697 2.427501 0.269410


-6.341547 3.424764 0.234579
-6.386295 2.426690 0.277539


-6.316381 3.420315 0.238076
-6.402868 2.425010 0.281515


-6.297382 3.414893 0.242076
-6.451005 2.427467 0.279336


-6.277111 3.404547 0.243510
-6.518655 2.434373 0.263977


-6.258387 3.391978 0.244609
-6.599304 2.451901 0.250192


-6.244829 3.380951 0.246471
-6.685670 2.483385 0.240692


-6.221788 3.357049 0.250303
-6.835100 2.567293 0.238686


-6.188111 3.323065 0.265741
-6.868839 2.592020 0.219005


-6.170157 3.302252 0.264483
-6.841382 2.563190 0.207539


-6.147566 3.284245 0.270828
-6.757791 2.494027 0.214435


-6.133944 3.277586 0.274341
-6.677528 2.439260 0.232805


-6.117775 3.271939 0.274822
-6.575781 2.383620 0.241360


-6.102426 3.268162 0.276405
-6.464846 2.336404 0.254519


-6.087160 3.266330 0.276963
-6.350470 2.301718 0.263111


-6.072650 3.267335 0.278040
-6.238632 2.281222 0.283505


-6.058492 3.268647 0.279727
-6.132631 2.271491 0.293275


-6.044088 3.271369 0.278616
-6.026454 2.271927 0.306988


-6.029209 3.274369 0.279619
-5.915015 2.281354 0.309307


-6.017829 3.278870 0.280293
-5.811039 2.301153 0.316467


-6.005053 3.284728 0.280419
-5.704893 2.331570 0.317732


-5.992785 3.291683 0.280844
-5.600238 2.372563 0.314367


-5.986292 3.297113 0.280755
-5.509574 2.418562 0.310522


-5.989147 3.294232 0.281203
-5.427255 2.467441 0.307509


-5.985862 3.297315 0.281017
-5.345905 2.529073 0.297113


-5.982885 3.301097 0.281010
-5.278064 2.591874 0.296190


-5.980314 3.304730 0.280988
-5.224512 2.650152 0.297994


-5.977821 3.308628 0.280849
-5.179973 2.705964 0.296171


-5.975529 3.312508 0.280833
-5.150737 2.747429 0.300940


-5.972990 3.316362 0.280744
-5.141516 2.761371 0.305977


-5.970615 3.319910 0.280800
-5.138972 2.765734 0.316292


-5.968300 3.323147 0.280704
-5.143184 2.759906 0.324789


-5.965022 3.327017 0.280338
-5.168823 2.723522 0.323471


-5.960581 3.332041 0.280065
-5.212579 2.670321 0.331248


-5.956560 3.335036 0.279723
-5.278043 2.602676 0.336843


-5.952516 3.336753 0.279852
-5.377113 2.521665 0.347252


-5.952297 3.336626 0.279874
-5.494562 2.451603 0.364808


-5.951254 3.337371 0.279930
-5.615655 2.399919 0.372432


-5.946088 3.337454 0.279785
-5.755740 2.359431 0.364869


-5.944765 3.337381 0.279870
-5.836202 2.346424 0.358726


-5.943590 3.337187 0.279942
-5.921706 2.340277 0.355385


-5.943003 3.336986 0.280054
-6.012118 2.341787 0.349343


-5.942245 3.336842 0.280130
-6.081556 2.349036 0.349640


-5.941610 3.336648 0.280258
-6.104401 2.350848 0.321473


-5.940275 3.336062 0.280103
-6.081810 2.347920 0.339629


-5.938682 3.335295 0.280050
-6.042083 2.343294 0.352466


-5.938137 3.335304 0.279955
-6.024355 2.340682 0.337332


-5.937669 3.335202 0.279974
-5.981458 2.337864 0.338270


-5.936456 3.335249 0.279955
-5.926591 2.336506 0.329099


-5.935679 3.335346 0.279992
-5.878661 2.338229 0.330064


-5.934896 3.335414 0.280008
-5.822626 2.343623 0.341209


-5.934416 3.335846 0.279762
-5.673481 2.373548 0.356538


-5.934079 3.335969 0.279748
-5.587877 2.401096 0.358218


-5.933252 3.336504 0.279747
-5.422675 2.480602 0.361859


-5.932611 3.337233 0.279744
-5.275042 2.588349 0.362058


-5.932041 3.338046 0.279673
-5.146705 2.723802 0.356810


-5.931917 3.338308 0.279656
-5.090558 2.802324 0.349203


-5.931820 3.338563 0.279629
-5.041093 2.887682 0.337172


-5.931779 3.338726 0.279649
-4.998237 2.984779 0.336398


-5.931753 3.338803 0.279631
-4.962968 3.093823 0.317579


-5.931776 3.338907 0.279640
-4.941589 3.201948 0.307391


-5.931759 3.338977 0.279615
-4.934343 3.408333 0.260873


-5.931808 3.339162 0.279614
-4.938881 3.457715 0.286022


-5.931864 3.339324 0.279603
-4.944173 3.495744 0.279381


-5.931941 3.339522 0.279615
-4.942281 3.482563 0.268966


-5.931972 3.339628 0.279610
-4.942365 3.482756 0.265700


-5.931970 3.339788 0.279619
-4.946089 3.503993 0.246842


-5.931935 3.339900 0.279612
-4.949740 3.523917 0.241781


-5.931919 3.340104 0.279613
-4.949853 3.527916 0.263080


-5.932017 3.340253 0.279642
-4.940320 3.468586 0.271401


-5.932070 3.340412 0.279623
-4.938032 3.448470 0.294139


-5.932114 3.340591 0.279586
-4.960048 3.574970 0.267201


-5.932130 3.340685 0.279611
-5.001669 3.705839 0.249521


-5.932138 3.340727 0.279592
-5.031567 3.773228 0.235840


-5.932168 3.340817 0.279594
-5.121219 3.923208 0.223187


-5.932196 3.340842 0.279579
-5.169302 3.982968 0.204306


-5.932204 3.340889 0.279603
-5.252001 4.069076 0.195535


-5.932203 3.340966 0.279575
-5.390804 4.175004 0.173422


-5.932233 3.340999 0.279557
-5.508850 4.238981 0.159657


-5.932268 3.341022 0.279578
-5.621303 4.280930 0.138602


-5.932306 3.341035 0.279551
-5.734996 4.309813 0.129421


0.000000 0.000000 -0.000000
1.000000 0.000000 -0.000000


