0.000000 0.000000 -0.000000
0.000000 0.000000 -1.000000


-0.029442 0.999514 0.010245
-0.044743 1.001165 -0.989637


-0.139812 2.150100 0.123936
-0.173464 2.126271 -0.875214


-0.046424 3.357207 0.352316
-0.046858 3.310497 -0.646593


-0.025745 3.966016 0.349657
-0.011617 3.915246 -0.648954


-0.020187 4.607279 0.348171
-0.009288 4.546478 -0.649919


-0.094755 4.932535 0.325993
-0.090555 4.872575 -0.672199


-0.205760 5.253002 0.298721
-0.202300 5.190221 -0.699301


-0.287070 5.405649 0.287378
-0.282209 5.336938 -0.710247


-0.526893 5.628646 0.252661
-0.516236 5.561674 -0.745037


-0.770734 5.821944 0.240717
-0.761201 5.761584 -0.757414


-1.040373 5.955720 0.211290
-1.035662 5.902284 -0.787270


-1.061414 5.957765 0.216332
-1.058174 5.895382 -0.781715


-1.230247 6.004839 0.215461
-1.229585 5.933800 -0.782012


-1.417925 6.011260 0.210988
-1.412726 5.939323 -0.786407


-1.749184 5.988492 0.200756
-1.731481 5.924061 -0.797009


-2.450483 5.956153 0.183885
-2.429482 5.907772 -0.814723


-2.816987 5.952377 0.170326
-2.796278 5.901571 -0.828168


-3.528154 5.950430 0.153022
-3.502092 5.904301 -0.845574


-4.259975 5.936496 0.130639
-4.211739 5.891631 -0.867189


-5.004991 5.930607 0.097870
-4.968581 5.875817 -0.899964


-5.703909 5.914876 0.062019
-5.661580 5.854677 -0.935270


-6.051350 5.895015 0.053357
-6.011897 5.814844 -0.942643


-6.219321 5.852708 0.049196
-6.171545 5.775044 -0.946639


-6.554490 5.717470 0.042817
-6.504263 5.662754 -0.954421


-6.830400 5.501862 0.048269
-6.776141 5.455130 -0.949164


-6.927845 5.363254 0.051522
-6.883590 5.317889 -0.946467


-6.989033 5.207038 0.055003
-6.950667 5.157261 -0.943020


-7.019737 5.077242 0.065519
-6.985635 5.030308 -0.932797


-7.067113 4.753951 0.087578
-7.021618 4.709080 -0.910379


-7.015014 4.467709 0.098668
-6.995667 4.413019 -0.899648


-7.000300 4.335504 0.119021
-6.976566 4.284141 -0.879377


-6.980785 4.209754 0.121718
-6.951980 4.164916 -0.876861


-6.965917 4.058404 0.138276
-6.933258 4.015105 -0.860252


-6.954213 3.908674 0.144257
-6.920243 3.862784 -0.854112


-6.938257 3.759881 0.150646
-6.890520 3.720617 -0.847442


-6.924779 3.691637 0.157743
-6.872864 3.647195 -0.839919


-6.908406 3.629639 0.159974
-6.843124 3.581979 -0.836755


-6.879663 3.572797 0.165037
-6.803406 3.537736 -0.831435


-6.838993 3.524556 0.169153
-6.762034 3.491170 -0.827322


-6.802200 3.486306 0.182594
-6.728274 3.469363 -0.814526


-6.763980 3.460547 0.195755
-6.679267 3.449676 -0.800591


-6.734393 3.453141 0.201868
-6.657213 3.438668 -0.795044


-6.709419 3.445596 0.202237
-6.633485 3.423629 -0.794634


-6.683234 3.440760 0.205995
-6.603720 3.414687 -0.790498


-6.655758 3.437579 0.207386
-6.578532 3.410282 -0.789254


-6.622357 3.437989 0.208857
-6.546727 3.410702 -0.787906


-6.562999 3.437220 0.213178
-6.476927 3.394234 -0.782183


-6.506188 3.434250 0.217842
-6.410366 3.383788 -0.776277


-6.478435 3.432533 0.220093
-6.380275 3.384354 -0.773911


-6.450642 3.430583 0.222618
-6.349349 3.387509 -0.771306


-6.423486 3.429124 0.225402
-6.318940 3.387285 -0.768238


-6.396634 3.428194 0.228474
-6.284418 3.388423 -0.764413


-6.369189 3.426406 0.232305
-6.248126 3.386109 -0.759522


-6.341547 3.424764 0.234579
-6.221568 3.376703 -0.757033


-6.316381 3.420315 0.238076
-6.190545 3.366148 -0.752495


-6.297382 3.414893 0.242076
-6.165633 3.357054 -0.747518


-6.277111 3.404547 0.243510
-6.138195 3.349103 -0.745241


-6.258387 3.391978 0.244609
-6.120199 3.335991 -0.744213


-6.244829 3.380951 0.246471
-6.119491 3.325770 -0.744108


-6.221788 3.357049 0.250303
-6.112575 3.286820 -0.741232


-6.188111 3.323065 0.265741
-6.085503 3.291079 -0.728466


-6.170157 3.302252 0.264483
-6.063389 3.281877 -0.729592


-6.147566 3.284245 0.270828
-6.028797 3.263372 -0.721875


-6.133944 3.277586 0.274341
-6.024232 3.255682 -0.719381


-6.117775 3.271939 0.274822
-6.009286 3.253443 -0.719104


-6.102426 3.268162 0.276405
-5.998087 3.250935 -0.717988


-6.087160 3.266330 0.276963
-5.991761 3.254583 -0.718406


-6.072650 3.267335 0.278040
-5.981115 3.246411 -0.717542


-6.058492 3.268647 0.279727
-5.976062 3.248980 -0.716676


-6.044088 3.271369 0.278616
-5.965780 3.244460 -0.717950


-6.029209 3.274369 0.279619
-5.953456 3.253276 -0.717284


-6.017829 3.278870 0.280293
-5.947530 3.256840 -0.716990


-6.005053 3.284728 0.280419
-5.948470 3.263471 -0.717753


-5.992785 3.291683 0.280844
-5.940504 3.277592 -0.717689


-5.986292 3.297113 0.280755
-5.935287 3.290953 -0.717924


-5.989147 3.294232 0.281203
-5.943595 3.293405 -0.717759


-5.985862 3.297315 0.281017
-5.954123 3.302813 -0.718464


-5.982885 3.301097 0.281010
-5.962465 3.299990 -0.718781


-5.980314 3.304730 0.280988
-5.967008 3.294117 -0.718867


-5.977821 3.308628 0.280849
-5.967938 3.296292 -0.719026


-5.975529 3.312508 0.280833
-5.963489 3.294506 -0.718933


-5.972990 3.316362 0.280744
-5.958597 3.292476 -0.718867


-5.970615 3.319910 0.280800
-5.947057 3.291263 -0.718512


-5.968300 3.323147 0.280704
-5.931747 3.298501 -0.718324


-5.965022 3.327017 0.280338
-5.938034 3.291223 -0.718656


-5.960581 3.332041 0.280065
-5.937846 3.280515 -0.718348


-5.956560 3.335036 0.279723
-5.939701 3.272824 -0.718198


-5.952516 3.336753 0.279852
-5.922914 3.275152 -0.717810


-5.952297 3.336626 0.279874
-5.912839 3.261412 -0.716512


-5.951254 3.337371 0.279930
-5.908022 3.254605 -0.715700


-5.946088 3.337454 0.279785
-5.898988 3.259984 -0.716096


-5.944765 3.337381 0.279870
-5.888338 3.264327 -0.715860


-5.943590 3.337187 0.279942
-5.886734 3.263089 -0.715687


-5.943003 3.336986 0.280054
-5.893575 3.264201 -0.716068


-5.942245 3.336842 0.280130
-5.910213 3.262189 -0.716565


-5.941610 3.336648 0.280258
-5.919956 3.291316 -0.718479


-5.940275 3.336062 0.280103
-5.915179 3.272368 -0.717551


-5.938682 3.335295 0.280050
-5.900218 3.258554 -0.716259


-5.938137 3.335304 0.279955
-5.888522 3.273498 -0.716899


-5.937669 3.335202 0.279974
-5.895436 3.275055 -0.717321


-5.936456 3.335249 0.279955
-5.895414 3.286548 -0.718015


-5.935679 3.335346 0.279992
-5.890967 3.287793 -0.717875


-5.934896 3.335414 0.280008
-5.878055 3.280334 -0.716855


-5.934416 3.335846 0.279762
-5.870194 3.273795 -0.716243


-5.934079 3.335969 0.279748
-5.870216 3.276005 -0.716408


-5.933252 3.336504 0.279747
-5.871974 3.277471 -0.716626


-5.932611 3.337233 0.279744
-5.877602 3.275992 -0.716862


-5.932041 3.338046 0.279673
-5.893954 3.261619 -0.716675


-5.931917 3.338308 0.279656
-5.901009 3.257556 -0.716599


-5.931820 3.338563 0.279629
-5.910577 3.253398 -0.716512


-5.931779 3.338726 0.279649
-5.906589 3.245585 -0.715685


-5.931753 3.338803 0.279631
-5.915548 3.248638 -0.716164


-5.931776 3.338907 0.279640
-5.915990 3.251226 -0.716383


-5.931759 3.338977 0.279615
-5.944853 3.257969 -0.717013


-5.931808 3.339162 0.279614
-5.916538 3.265165 -0.717527


-5.931864 3.339324 0.279603
-5.918534 3.253742 -0.716639


-5.931941 3.339522 0.279615
-5.930606 3.256099 -0.716898


-5.931972 3.339628 0.279610
-5.933530 3.253570 -0.716679


-5.931970 3.339788 0.279619
-5.949124 3.244113 -0.715646


-5.931935 3.339900 0.279612
-5.952837 3.246815 -0.715826


-5.931919 3.340104 0.279613
-5.928351 3.233914 -0.714727


-5.932017 3.340253 0.279642
-5.924116 3.215488 -0.712513


-5.932070 3.340412 0.279623
-5.903531 3.211019 -0.711559


-5.932114 3.340591 0.279586
-5.917498 3.227472 -0.713888


-5.932130 3.340685 0.279611
-5.906568 3.194063 -0.709251


-5.932138 3.340727 0.279592
-5.913795 3.202361 -0.710619


-5.932168 3.340817 0.279594
-5.893606 3.191425 -0.708431


-5.932196 3.340842 0.279579
-5.902034 3.189191 -0.708395


-5.932204 3.340889 0.279603
-5.869844 3.169133 -0.703561


-5.932203 3.340966 0.279575
-5.887932 3.186605 -0.707448


-5.932233 3.340999 0.279557
-5.902245 3.194833 -0.709248


-5.932268 3.341022 0.279578
-5.877786 3.175306 -0.705089


-5.932306 3.341035 0.279551
-5.906559 3.182826 -0.707519


0.000000 0.000000 -0.000000
0.000000 0.000000 -1.000000


