0.000000 0.000000 -0.000000
0.000000 1.000000 -0.000000


-0.029442 0.999514 0.010245
-0.054563 1.999196 0.012279


-0.139812 2.150100 0.123936
-0.168629 3.149423 0.101074


-0.046424 3.357207 0.352316
-0.076906 4.355652 0.305640


-0.025745 3.966016 0.349657
-0.061342 4.964067 0.298412


-0.020187 4.607279 0.348171
-0.139669 5.598198 0.286502


-0.094755 4.932535 0.325993
-0.342748 5.899490 0.266867


-0.205760 5.253002 0.298721
-0.595961 6.171830 0.239568


-0.287070 5.405649 0.287378
-0.759342 6.284858 0.224521


-0.526893 5.628646 0.252661
-1.147232 6.410748 0.193535


-0.770734 5.821944 0.240717
-1.523437 6.478631 0.193816


-1.040373 5.955720 0.211290
-1.895906 6.472498 0.179600


-1.061414 5.957765 0.216332
-1.958516 6.398536 0.185870


-1.230247 6.004839 0.215461
-2.190752 6.282352 0.195060


-1.417925 6.011260 0.210988
-2.411661 6.122231 0.197805


-1.749184 5.988492 0.200756
-2.747219 5.927369 0.186996


-2.450483 5.956153 0.183885
-3.448665 5.898690 0.165677


-2.816987 5.952377 0.170326
-3.815839 5.908177 0.151860


-3.528154 5.950430 0.153022
-4.527474 5.923186 0.128199


-4.259975 5.936496 0.130639
-5.258511 5.909816 0.083568


-5.004991 5.930607 0.097870
-6.003505 5.888109 0.063768


-5.703909 5.914876 0.062019
-6.702183 5.871659 0.022257


-6.051350 5.895015 0.053357
-7.044110 5.778699 0.023395


-6.219321 5.852708 0.049196
-7.194336 5.632553 0.019588


-6.554490 5.717470 0.042817
-7.459025 5.291648 0.020622


-6.830400 5.501862 0.048269
-7.554925 4.812651 0.041147


-6.927845 5.363254 0.051522
-7.523940 4.560403 0.061584


-6.989033 5.207038 0.055003
-7.433860 4.311845 0.082552


-7.019737 5.077242 0.065519
-7.284312 4.113559 0.101787


-7.067113 4.753951 0.087578
-6.990793 3.758037 0.135837


-7.015014 4.467709 0.098668
-6.932189 3.472725 0.154780


-7.000300 4.335504 0.119021
-6.938780 3.338793 0.171760


-6.980785 4.209754 0.121718
-6.921549 3.212592 0.168201


-6.965917 4.058404 0.138276
-6.912568 3.060843 0.183278


-6.954213 3.908674 0.144257
-6.907126 2.910912 0.191722


-6.938257 3.759881 0.150646
-6.865167 2.763470 0.193339


-6.924779 3.691637 0.157743
-6.771859 2.704763 0.209663


-6.908406 3.629639 0.159974
-6.648368 2.666105 0.223077


-6.879663 3.572797 0.165037
-6.451950 2.671183 0.229492


-6.838993 3.524556 0.169153
-6.247115 2.721805 0.241760


-6.802200 3.486306 0.182594
-6.067399 2.811237 0.248543


-6.763980 3.460547 0.195755
-5.912141 2.942596 0.273833


-6.734393 3.453141 0.201868
-5.839790 3.012730 0.277521


-6.709419 3.445596 0.202237
-5.779513 3.086328 0.280987


-6.683234 3.440760 0.205995
-5.725757 3.164636 0.289621


-6.655758 3.437579 0.207386
-5.677432 3.247019 0.288412


-6.622357 3.437989 0.208857
-5.631223 3.330527 0.287001


-6.562999 3.437220 0.213178
-5.568089 3.388382 0.301320


-6.506188 3.434250 0.217842
-5.511802 3.394057 0.315730


-6.478435 3.432533 0.220093
-5.484088 3.396666 0.320026


-6.450642 3.430583 0.222618
-5.456421 3.399265 0.325299


-6.423486 3.429124 0.225402
-5.429476 3.401520 0.331149


-6.396634 3.428194 0.228474
-5.403332 3.405019 0.341666


-6.369189 3.426406 0.232305
-5.376954 3.402623 0.354384


-6.341547 3.424764 0.234579
-5.349780 3.385547 0.356478


-6.316381 3.420315 0.238076
-5.328107 3.340110 0.368006


-6.297382 3.414893 0.242076
-5.318075 3.267778 0.381054


-6.277111 3.404547 0.243510
-5.316716 3.168563 0.391675


-6.258387 3.391978 0.244609
-5.328505 3.055642 0.393603


-6.244829 3.380951 0.246471
-5.356038 2.943539 0.383296


-6.221788 3.357049 0.250303
-5.439534 2.747661 0.379626


-6.188111 3.323065 0.265741
-5.462797 2.641485 0.362526


-6.170157 3.302252 0.264483
-5.436633 2.628924 0.357068


-6.147566 3.284245 0.270828
-5.364292 2.671776 0.377419


-6.133944 3.277586 0.274341
-5.301791 2.732858 0.378223


-6.117775 3.271939 0.274822
-5.235471 2.813085 0.379666


-6.102426 3.268162 0.276405
-5.176270 2.905491 0.379867


-6.087160 3.266330 0.276963
-5.127178 3.002918 0.372080


-6.072650 3.267335 0.278040
-5.090779 3.102587 0.371777


-6.058492 3.268647 0.279727
-5.064657 3.195892 0.363381


-6.044088 3.271369 0.278616
-5.047315 3.291164 0.356406


-6.029209 3.274369 0.279619
-5.038642 3.390458 0.352434


-6.017829 3.278870 0.280293
-5.041972 3.487640 0.344470


-6.005053 3.284728 0.280419
-5.052844 3.586451 0.327971


-5.992785 3.291683 0.280844
-5.074541 3.685408 0.323365


-5.986292 3.297113 0.280755
-5.108717 3.774721 0.322629


-5.989147 3.294232 0.281203
-5.163192 3.856740 0.318400


-5.985862 3.297315 0.281017
-5.218107 3.937451 0.308918


-5.982885 3.301097 0.281010
-5.273794 4.006081 0.294712


-5.980314 3.304730 0.280988
-5.325650 4.060650 0.281676


-5.977821 3.308628 0.280849
-5.375043 4.106528 0.276963


-5.975529 3.312508 0.280833
-5.410220 4.137348 0.272788


-5.972990 3.316362 0.280744
-5.417612 4.147875 0.268872


-5.970615 3.319910 0.280800
-5.415804 4.151816 0.270032


-5.968300 3.323147 0.280704
-5.404520 4.149072 0.280956


-5.965022 3.327017 0.280338
-5.360590 4.123580 0.268127


-5.960581 3.332041 0.280065
-5.297274 4.080019 0.256568


-5.956560 3.335036 0.279723
-5.222169 4.013105 0.249858


-5.952516 3.336753 0.279852
-5.135182 3.912806 0.268534


-5.952297 3.336626 0.279874
-5.064084 3.796058 0.280367


-5.951254 3.337371 0.279930
-5.010241 3.675502 0.292682


-5.946088 3.337454 0.279785
-4.965502 3.531026 0.311104


-5.944765 3.337381 0.279870
-4.952278 3.449929 0.327856


-5.943590 3.337187 0.279942
-4.945447 3.363265 0.335001


-5.943003 3.336986 0.280054
-4.946619 3.271564 0.334276


-5.942245 3.336842 0.280130
-4.952514 3.200217 0.322171


-5.941610 3.336648 0.280258
-4.955187 3.174955 0.308985


-5.940275 3.336062 0.280103
-4.950660 3.196353 0.313916


-5.938682 3.335295 0.280050
-4.944787 3.235061 0.326141


-5.938137 3.335304 0.279955
-4.943097 3.252204 0.334631


-5.937669 3.335202 0.279974
-4.939521 3.293993 0.324729


-5.936456 3.335249 0.279955
-4.937347 3.347111 0.320464


-5.935679 3.335346 0.279992
-4.938308 3.394481 0.321864


-5.934896 3.335414 0.280008
-4.942846 3.450811 0.330198


-5.934416 3.335846 0.279762
-4.971198 3.600670 0.325371


-5.934079 3.335969 0.279748
-4.998095 3.685851 0.318693


-5.933252 3.336504 0.279747
-5.075606 3.850261 0.302054


-5.932611 3.337233 0.279744
-5.181227 3.997098 0.280670


-5.932041 3.338046 0.279673
-5.314145 4.123453 0.243046


-5.931917 3.338308 0.279656
-5.392325 4.178665 0.228282


-5.931820 3.338563 0.279629
-5.477778 4.227075 0.213348


-5.931779 3.338726 0.279649
-5.574198 4.269342 0.201615


-5.931753 3.338803 0.279631
-5.684382 4.304130 0.196249


-5.931776 3.338907 0.279640
-5.792929 4.325596 0.194982


-5.931759 3.338977 0.279615
-6.002399 4.333275 0.199724


-5.931808 3.339162 0.279614
-6.049547 4.329349 0.204331


-5.931864 3.339324 0.279603
-6.087715 4.323300 0.192990


-5.931941 3.339522 0.279615
-6.075372 4.325716 0.196864


-5.931972 3.339628 0.279610
-6.075766 4.325583 0.194670


-5.931970 3.339788 0.279619
-6.098533 4.321564 0.188111


-5.931935 3.339900 0.279612
-6.118633 4.318406 0.192031


-5.931919 3.340104 0.279613
-6.120424 4.316552 0.174657


-5.932017 3.340253 0.279642
-6.060372 4.324104 0.154899


-5.932070 3.340412 0.279623
-6.037297 4.326100 0.147918


-5.932114 3.340591 0.279586
-6.166365 4.306133 0.166201


-5.932130 3.340685 0.279611
-6.297628 4.260014 0.133851


-5.932138 3.340727 0.279592
-6.366460 4.231680 0.147050


-5.932168 3.340817 0.279594
-6.516013 4.139880 0.135987


-5.932196 3.340842 0.279579
-6.578015 4.092291 0.144518


-5.932204 3.340889 0.279603
-6.662571 4.004398 0.117365


-5.932203 3.340966 0.279575
-6.771803 3.870639 0.159081


-5.932233 3.340999 0.279557
-6.837687 3.756047 0.190745


-5.932268 3.341022 0.279578
-6.881126 3.639538 0.176839


-5.932306 3.341035 0.279551
-6.912309 3.531928 0.223392


0.000000 0.000000 -0.000000
0.000000 1.000000 -0.000000


